message,fuzzy
"['issue', 'error']",{'issue': 100}
