url,state,title,label,comments_url,diff_url,patch_url
https://api.github.com/repos/laravel/horizon/issues/942,closed,Bump highlight.js from 10.1.2 to 10.4.1, ,https://api.github.com/repos/laravel/horizon/issues/942/comments,https://github.com/laravel/horizon/pull/942.diff,https://github.com/laravel/horizon/pull/942.patch
https://api.github.com/repos/laravel/horizon/issues/921,closed,[5.x] Update 'New Tag' placeholder to reflect location of models in Framework 8.x, ,https://api.github.com/repos/laravel/horizon/issues/921/comments,https://github.com/laravel/horizon/pull/921.diff,https://github.com/laravel/horizon/pull/921.patch
https://api.github.com/repos/laravel/horizon/issues/917,closed,[5.x] Support PHP 8, ,https://api.github.com/repos/laravel/horizon/issues/917/comments,https://github.com/laravel/horizon/pull/917.diff,https://github.com/laravel/horizon/pull/917.patch
https://api.github.com/repos/laravel/horizon/issues/912,closed,Update CompletedJobsController.php, ,https://api.github.com/repos/laravel/horizon/issues/912/comments,https://github.com/laravel/horizon/pull/912.diff,https://github.com/laravel/horizon/pull/912.patch
https://api.github.com/repos/laravel/horizon/issues/910,closed,Update CompletedJobsController.php, ,https://api.github.com/repos/laravel/horizon/issues/910/comments,https://github.com/laravel/horizon/pull/910.diff,https://github.com/laravel/horizon/pull/910.patch
https://api.github.com/repos/laravel/horizon/issues/905,closed,[5.x] Update the badges to use shields.io, ,https://api.github.com/repos/laravel/horizon/issues/905/comments,https://github.com/laravel/horizon/pull/905.diff,https://github.com/laravel/horizon/pull/905.patch
https://api.github.com/repos/laravel/horizon/issues/867,closed,Bump elliptic from 6.5.2 to 6.5.3, ,https://api.github.com/repos/laravel/horizon/issues/867/comments,https://github.com/laravel/horizon/pull/867.diff,https://github.com/laravel/horizon/pull/867.patch
https://api.github.com/repos/laravel/horizon/issues/863,closed,Bump lodash from 4.17.13 to 4.17.19, ,https://api.github.com/repos/laravel/horizon/issues/863/comments,https://github.com/laravel/horizon/pull/863.diff,https://github.com/laravel/horizon/pull/863.patch
https://api.github.com/repos/laravel/horizon/issues/861,closed,Update tests.yml, ,https://api.github.com/repos/laravel/horizon/issues/861/comments,https://github.com/laravel/horizon/pull/861.diff,https://github.com/laravel/horizon/pull/861.patch
https://api.github.com/repos/laravel/horizon/issues/847,closed,Bump websocket-extensions from 0.1.3 to 0.1.4, ,https://api.github.com/repos/laravel/horizon/issues/847/comments,https://github.com/laravel/horizon/pull/847.diff,https://github.com/laravel/horizon/pull/847.patch
https://api.github.com/repos/laravel/horizon/issues/843,closed,[5.x] Merge tags from payload, ,https://api.github.com/repos/laravel/horizon/issues/843/comments,https://github.com/laravel/horizon/pull/843.diff,https://github.com/laravel/horizon/pull/843.patch
https://api.github.com/repos/laravel/horizon/issues/839,closed,Trigger MasterSupervisorDeployed event, ,https://api.github.com/repos/laravel/horizon/issues/839/comments,https://github.com/laravel/horizon/pull/839.diff,https://github.com/laravel/horizon/pull/839.patch
https://api.github.com/repos/laravel/horizon/issues/836,closed,Bump jquery from 3.4.1 to 3.5.0, ,https://api.github.com/repos/laravel/horizon/issues/836/comments,https://github.com/laravel/horizon/pull/836.diff,https://github.com/laravel/horizon/pull/836.patch
https://api.github.com/repos/laravel/horizon/issues/832,closed,Update PendingJobsController.php, ,https://api.github.com/repos/laravel/horizon/issues/832/comments,https://github.com/laravel/horizon/pull/832.diff,https://github.com/laravel/horizon/pull/832.patch
https://api.github.com/repos/laravel/horizon/issues/820,closed,[4.x] Prevent horizon:purge from killing too many processes, ,https://api.github.com/repos/laravel/horizon/issues/820/comments,https://github.com/laravel/horizon/pull/820.diff,https://github.com/laravel/horizon/pull/820.patch
https://api.github.com/repos/laravel/horizon/issues/830,closed,Update RedisJobRepository.php, ,https://api.github.com/repos/laravel/horizon/issues/830/comments,https://github.com/laravel/horizon/pull/830.diff,https://github.com/laravel/horizon/pull/830.patch
https://api.github.com/repos/laravel/horizon/issues/826,closed,[5.x] Switch from Chronos to Carbon, ,https://api.github.com/repos/laravel/horizon/issues/826/comments,https://github.com/laravel/horizon/pull/826.diff,https://github.com/laravel/horizon/pull/826.patch
https://api.github.com/repos/laravel/horizon/issues/824,closed,[4.x] Chronos 2.0, ,https://api.github.com/repos/laravel/horizon/issues/824/comments,https://github.com/laravel/horizon/pull/824.diff,https://github.com/laravel/horizon/pull/824.patch
https://api.github.com/repos/laravel/horizon/issues/821,closed,[4.x] Fix Layout issues if Tag(s) name is too long for Failed/Completed/Pending Jobs Screens, ,https://api.github.com/repos/laravel/horizon/issues/821/comments,https://github.com/laravel/horizon/pull/821.diff,https://github.com/laravel/horizon/pull/821.patch
https://api.github.com/repos/laravel/horizon/issues/814,closed,[4.x] Fix for job rows on monitoring tags screen, ,https://api.github.com/repos/laravel/horizon/issues/814/comments,https://github.com/laravel/horizon/pull/814.diff,https://github.com/laravel/horizon/pull/814.patch
https://api.github.com/repos/laravel/horizon/issues/813,closed,"Revert ""[4.x] Graceful shutdown on SIGTERM also""", ,https://api.github.com/repos/laravel/horizon/issues/813/comments,https://github.com/laravel/horizon/pull/813.diff,https://github.com/laravel/horizon/pull/813.patch
https://api.github.com/repos/laravel/horizon/issues/809,closed,[4.x] Graceful shutdown on SIGTERM also, ,https://api.github.com/repos/laravel/horizon/issues/809/comments,https://github.com/laravel/horizon/pull/809.diff,https://github.com/laravel/horizon/pull/809.patch
https://api.github.com/repos/laravel/horizon/issues/807,closed,[4.x] Support ramsey/uuid v4, ,https://api.github.com/repos/laravel/horizon/issues/807/comments,https://github.com/laravel/horizon/pull/807.diff,https://github.com/laravel/horizon/pull/807.patch
https://api.github.com/repos/laravel/horizon/issues/802,closed,[4.x] Align design with Pending/Completed jobs screen, ,https://api.github.com/repos/laravel/horizon/issues/802/comments,https://github.com/laravel/horizon/pull/802.diff,https://github.com/laravel/horizon/pull/802.patch
https://api.github.com/repos/laravel/horizon/issues/796,closed,Bump acorn from 6.4.0 to 6.4.1, ,https://api.github.com/repos/laravel/horizon/issues/796/comments,https://github.com/laravel/horizon/pull/796.diff,https://github.com/laravel/horizon/pull/796.patch
https://api.github.com/repos/laravel/horizon/issues/787,closed,Upgrade to Chronos 2.x, ,https://api.github.com/repos/laravel/horizon/issues/787/comments,https://github.com/laravel/horizon/pull/787.diff,https://github.com/laravel/horizon/pull/787.patch
https://api.github.com/repos/laravel/horizon/issues/783,closed,[4.x] Show warning when manifest is outdated, ,https://api.github.com/repos/laravel/horizon/issues/783/comments,https://github.com/laravel/horizon/pull/783.diff,https://github.com/laravel/horizon/pull/783.patch
https://api.github.com/repos/laravel/horizon/issues/782,closed,[4.x] Upgrade guide, ,https://api.github.com/repos/laravel/horizon/issues/782/comments,https://github.com/laravel/horizon/pull/782.diff,https://github.com/laravel/horizon/pull/782.patch
https://api.github.com/repos/laravel/horizon/issues/780,closed,"Fix v-else for the Job's ""completed at""", ,https://api.github.com/repos/laravel/horizon/issues/780/comments,https://github.com/laravel/horizon/pull/780.diff,https://github.com/laravel/horizon/pull/780.patch
https://api.github.com/repos/laravel/horizon/issues/778,closed,Fix delayed message error when time zone is not UTC, ,https://api.github.com/repos/laravel/horizon/issues/778/comments,https://github.com/laravel/horizon/pull/778.diff,https://github.com/laravel/horizon/pull/778.patch
https://api.github.com/repos/laravel/horizon/issues/776,closed,[3.x] Switch to Github Actions, ,https://api.github.com/repos/laravel/horizon/issues/776/comments,https://github.com/laravel/horizon/pull/776.diff,https://github.com/laravel/horizon/pull/776.patch
https://api.github.com/repos/laravel/horizon/issues/775,closed,[4.x] Add 'view details' to tag-jobs screen, ,https://api.github.com/repos/laravel/horizon/issues/775/comments,https://github.com/laravel/horizon/pull/775.diff,https://github.com/laravel/horizon/pull/775.patch
https://api.github.com/repos/laravel/horizon/issues/751,closed,[3.x] Ability to view job details in recent jobs overview, ,https://api.github.com/repos/laravel/horizon/issues/751/comments,https://github.com/laravel/horizon/pull/751.diff,https://github.com/laravel/horizon/pull/751.patch
https://api.github.com/repos/laravel/horizon/issues/767,closed,[4.x] Add separate screen for completed jobs, ,https://api.github.com/repos/laravel/horizon/issues/767/comments,https://github.com/laravel/horizon/pull/767.diff,https://github.com/laravel/horizon/pull/767.patch
https://api.github.com/repos/laravel/horizon/issues/765,closed,[3.x] Use 'default' connection as a default redis connection, ,https://api.github.com/repos/laravel/horizon/issues/765/comments,https://github.com/laravel/horizon/pull/765.diff,https://github.com/laravel/horizon/pull/765.patch
https://api.github.com/repos/laravel/horizon/issues/764,closed,Update CHANGELOG, ,https://api.github.com/repos/laravel/horizon/issues/764/comments,https://github.com/laravel/horizon/pull/764.diff,https://github.com/laravel/horizon/pull/764.patch
https://api.github.com/repos/laravel/horizon/issues/720,closed,[3.x] Allow trimming completed jobs, ,https://api.github.com/repos/laravel/horizon/issues/720/comments,https://github.com/laravel/horizon/pull/720.diff,https://github.com/laravel/horizon/pull/720.patch
https://api.github.com/repos/laravel/horizon/issues/757,closed,Fix wrong value for failedJobs periods, ,https://api.github.com/repos/laravel/horizon/issues/757/comments,https://github.com/laravel/horizon/pull/757.diff,https://github.com/laravel/horizon/pull/757.patch
https://api.github.com/repos/laravel/horizon/issues/754,closed,[3.x] Another way for tags displaying & collapsable panels, ,https://api.github.com/repos/laravel/horizon/issues/754/comments,https://github.com/laravel/horizon/pull/754.diff,https://github.com/laravel/horizon/pull/754.patch
https://api.github.com/repos/laravel/horizon/issues/749,closed,Allow Horizon to be used on a subdomain without a subfolder, ,https://api.github.com/repos/laravel/horizon/issues/749/comments,https://github.com/laravel/horizon/pull/749.diff,https://github.com/laravel/horizon/pull/749.patch
https://api.github.com/repos/laravel/horizon/issues/741,closed,[3.x] Revert filtering by tag, ,https://api.github.com/repos/laravel/horizon/issues/741/comments,https://github.com/laravel/horizon/pull/741.diff,https://github.com/laravel/horizon/pull/741.patch
https://api.github.com/repos/laravel/horizon/issues/739,closed,[3.0] Fix docblocks, ,https://api.github.com/repos/laravel/horizon/issues/739/comments,https://github.com/laravel/horizon/pull/739.diff,https://github.com/laravel/horizon/pull/739.patch
https://api.github.com/repos/laravel/horizon/issues/738,closed,[3.0] Manual code style fixes, ,https://api.github.com/repos/laravel/horizon/issues/738/comments,https://github.com/laravel/horizon/pull/738.diff,https://github.com/laravel/horizon/pull/738.patch
https://api.github.com/repos/laravel/horizon/issues/736,closed,Reset the retryUntil value, ,https://api.github.com/repos/laravel/horizon/issues/736/comments,https://github.com/laravel/horizon/pull/736.diff,https://github.com/laravel/horizon/pull/736.patch
https://api.github.com/repos/laravel/horizon/issues/730,closed,PHP 7.4 property types break tag detection for models, ,https://api.github.com/repos/laravel/horizon/issues/730/comments, , 
https://api.github.com/repos/laravel/horizon/issues/722,closed,[3.x] Remove unused functions, ,https://api.github.com/repos/laravel/horizon/issues/722/comments,https://github.com/laravel/horizon/pull/722.diff,https://github.com/laravel/horizon/pull/722.patch
https://api.github.com/repos/laravel/horizon/issues/721,closed,[3.x] Test on 7.4, ,https://api.github.com/repos/laravel/horizon/issues/721/comments,https://github.com/laravel/horizon/pull/721.diff,https://github.com/laravel/horizon/pull/721.patch
https://api.github.com/repos/laravel/horizon/issues/710,closed,[4.x] Update to Symfony 5, ,https://api.github.com/repos/laravel/horizon/issues/710/comments,https://github.com/laravel/horizon/pull/710.diff,https://github.com/laravel/horizon/pull/710.patch
https://api.github.com/repos/laravel/horizon/issues/702,closed,"[4.x] Added ""Attempts"" to jobs lists.", ,https://api.github.com/repos/laravel/horizon/issues/702/comments,https://github.com/laravel/horizon/pull/702.diff,https://github.com/laravel/horizon/pull/702.patch
https://api.github.com/repos/laravel/horizon/issues/704,closed,[3.0] set default 'tries' to 1, ,https://api.github.com/repos/laravel/horizon/issues/704/comments,https://github.com/laravel/horizon/pull/704.diff,https://github.com/laravel/horizon/pull/704.patch
https://api.github.com/repos/laravel/horizon/issues/698,closed,[3.0] Update .styleci.yml, ,https://api.github.com/repos/laravel/horizon/issues/698/comments,https://github.com/laravel/horizon/pull/698.diff,https://github.com/laravel/horizon/pull/698.patch
https://api.github.com/repos/laravel/horizon/issues/696,closed,[4.x] Rename asset command, ,https://api.github.com/repos/laravel/horizon/issues/696/comments,https://github.com/laravel/horizon/pull/696.diff,https://github.com/laravel/horizon/pull/696.patch
https://api.github.com/repos/laravel/horizon/issues/692,closed,[3.x] Set same ttl for tags as same as recent jobs, ,https://api.github.com/repos/laravel/horizon/issues/692/comments,https://github.com/laravel/horizon/pull/692.diff,https://github.com/laravel/horizon/pull/692.patch
https://api.github.com/repos/laravel/horizon/issues/688,closed,[3.x] Fix webpack config to use terser, ,https://api.github.com/repos/laravel/horizon/issues/688/comments,https://github.com/laravel/horizon/pull/688.diff,https://github.com/laravel/horizon/pull/688.patch
https://api.github.com/repos/laravel/horizon/issues/678,closed,Fix pagination for recent jobs, ,https://api.github.com/repos/laravel/horizon/issues/678/comments,https://github.com/laravel/horizon/pull/678.diff,https://github.com/laravel/horizon/pull/678.patch
https://api.github.com/repos/laravel/horizon/issues/676,closed,[3.x] Fix test suite, ,https://api.github.com/repos/laravel/horizon/issues/676/comments,https://github.com/laravel/horizon/pull/676.diff,https://github.com/laravel/horizon/pull/676.patch
https://api.github.com/repos/laravel/horizon/issues/671,closed,Bump lodash from 4.17.11 to 4.17.13, ,https://api.github.com/repos/laravel/horizon/issues/671/comments,https://github.com/laravel/horizon/pull/671.diff,https://github.com/laravel/horizon/pull/671.patch
https://api.github.com/repos/laravel/horizon/issues/672,closed,Bump mixin-deep from 1.3.1 to 1.3.2, ,https://api.github.com/repos/laravel/horizon/issues/672/comments,https://github.com/laravel/horizon/pull/672.diff,https://github.com/laravel/horizon/pull/672.patch
https://api.github.com/repos/laravel/horizon/issues/665,closed,Filter recent jobs by tag, ,https://api.github.com/repos/laravel/horizon/issues/665/comments,https://github.com/laravel/horizon/pull/665.diff,https://github.com/laravel/horizon/pull/665.patch
https://api.github.com/repos/laravel/horizon/issues/653,closed,[3.0] Make sure 6.0 build passes, ,https://api.github.com/repos/laravel/horizon/issues/653/comments,https://github.com/laravel/horizon/pull/653.diff,https://github.com/laravel/horizon/pull/653.patch
https://api.github.com/repos/laravel/horizon/issues/651,closed,[3.0] Fix autobalancer, ,https://api.github.com/repos/laravel/horizon/issues/651/comments,https://github.com/laravel/horizon/pull/651.diff,https://github.com/laravel/horizon/pull/651.patch
https://api.github.com/repos/laravel/horizon/issues/644,closed,[3.0] Allow custom dashboard failed jobs metric period, ,https://api.github.com/repos/laravel/horizon/issues/644/comments,https://github.com/laravel/horizon/pull/644.diff,https://github.com/laravel/horizon/pull/644.patch
https://api.github.com/repos/laravel/horizon/issues/648,closed,"Revert ""[4.0] Change format""", ,https://api.github.com/repos/laravel/horizon/issues/648/comments,https://github.com/laravel/horizon/pull/648.diff,https://github.com/laravel/horizon/pull/648.patch
https://api.github.com/repos/laravel/horizon/issues/646,closed,[4.0] Change format, ,https://api.github.com/repos/laravel/horizon/issues/646/comments,https://github.com/laravel/horizon/pull/646.diff,https://github.com/laravel/horizon/pull/646.patch
https://api.github.com/repos/laravel/horizon/issues/643,closed,[4.0] Changed default Redis prefix, ,https://api.github.com/repos/laravel/horizon/issues/643/comments,https://github.com/laravel/horizon/pull/643.diff,https://github.com/laravel/horizon/pull/643.patch
https://api.github.com/repos/laravel/horizon/issues/642,closed,"Forcing Vue to use the X-Requested-With header, set to XMLHttpRequest", ,https://api.github.com/repos/laravel/horizon/issues/642/comments,https://github.com/laravel/horizon/pull/642.diff,https://github.com/laravel/horizon/pull/642.patch
https://api.github.com/repos/laravel/horizon/issues/633,closed,"[3.0] Correct dashboard ""Failed Jobs Past 7 Days"" metric", ,https://api.github.com/repos/laravel/horizon/issues/633/comments,https://github.com/laravel/horizon/pull/633.diff,https://github.com/laravel/horizon/pull/633.patch
https://api.github.com/repos/laravel/horizon/issues/627,closed,[3.0] Adjust auto scaling to always use the max processes, ,https://api.github.com/repos/laravel/horizon/issues/627/comments,https://github.com/laravel/horizon/pull/627.diff,https://github.com/laravel/horizon/pull/627.patch
https://api.github.com/repos/laravel/horizon/issues/619,closed,Custom MasterSupervisor name breaks dashboard, ,https://api.github.com/repos/laravel/horizon/issues/619/comments,https://github.com/laravel/horizon/pull/619.diff,https://github.com/laravel/horizon/pull/619.patch
https://api.github.com/repos/laravel/horizon/issues/618,closed,Custom MasterSupervisor::basename breaks horizon dashboard, ,https://api.github.com/repos/laravel/horizon/issues/618/comments, , 
https://api.github.com/repos/laravel/horizon/issues/616,closed,"Revert ""[3.0] Display worker CPU and memory utilization in supervisor list""", ,https://api.github.com/repos/laravel/horizon/issues/616/comments,https://github.com/laravel/horizon/pull/616.diff,https://github.com/laravel/horizon/pull/616.patch
https://api.github.com/repos/laravel/horizon/issues/614,closed,"Revert ""[3.0] Properly format numeric values""", ,https://api.github.com/repos/laravel/horizon/issues/614/comments,https://github.com/laravel/horizon/pull/614.diff,https://github.com/laravel/horizon/pull/614.patch
https://api.github.com/repos/laravel/horizon/issues/606,closed,[3.0] Properly format numeric values, ,https://api.github.com/repos/laravel/horizon/issues/606/comments,https://github.com/laravel/horizon/pull/606.diff,https://github.com/laravel/horizon/pull/606.patch
https://api.github.com/repos/laravel/horizon/issues/605,closed,[3.0] Add app_name in dashboard, ,https://api.github.com/repos/laravel/horizon/issues/605/comments,https://github.com/laravel/horizon/pull/605.diff,https://github.com/laravel/horizon/pull/605.patch
https://api.github.com/repos/laravel/horizon/issues/589,closed,[3.0] Display worker CPU and memory utilization in supervisor list, ,https://api.github.com/repos/laravel/horizon/issues/589/comments,https://github.com/laravel/horizon/pull/589.diff,https://github.com/laravel/horizon/pull/589.patch
https://api.github.com/repos/laravel/horizon/issues/593,closed,[3.0] Fix for missing first failed job when searching, ,https://api.github.com/repos/laravel/horizon/issues/593/comments,https://github.com/laravel/horizon/pull/593.diff,https://github.com/laravel/horizon/pull/593.patch
https://api.github.com/repos/laravel/horizon/issues/582,closed,[3.0] Fix false jobs causing front-end not to display them, ,https://api.github.com/repos/laravel/horizon/issues/582/comments,https://github.com/laravel/horizon/pull/582.diff,https://github.com/laravel/horizon/pull/582.patch
https://api.github.com/repos/laravel/horizon/issues/577,closed,[3.0] Modify StyleCI, ,https://api.github.com/repos/laravel/horizon/issues/577/comments,https://github.com/laravel/horizon/pull/577.diff,https://github.com/laravel/horizon/pull/577.patch
https://api.github.com/repos/laravel/horizon/issues/578,closed,Apply fixes from StyleCI, ,https://api.github.com/repos/laravel/horizon/issues/578/comments,https://github.com/laravel/horizon/pull/578.diff,https://github.com/laravel/horizon/pull/578.patch
https://api.github.com/repos/laravel/horizon/issues/556,closed,[3.0] Fix nice option, ,https://api.github.com/repos/laravel/horizon/issues/556/comments,https://github.com/laravel/horizon/pull/556.diff,https://github.com/laravel/horizon/pull/556.patch
https://api.github.com/repos/laravel/horizon/issues/547,closed,[3.0] Fix URL for retrying jobs, ,https://api.github.com/repos/laravel/horizon/issues/547/comments,https://github.com/laravel/horizon/pull/547.diff,https://github.com/laravel/horizon/pull/547.patch
https://api.github.com/repos/laravel/horizon/issues/537,closed,Horizon::night() move to boot(), ,https://api.github.com/repos/laravel/horizon/issues/537/comments,https://github.com/laravel/horizon/pull/537.diff,https://github.com/laravel/horizon/pull/537.patch
https://api.github.com/repos/laravel/horizon/issues/535,closed,[3.0] Make Year of readableTimestamp more readable, ,https://api.github.com/repos/laravel/horizon/issues/535/comments,https://github.com/laravel/horizon/pull/535.diff,https://github.com/laravel/horizon/pull/535.patch
https://api.github.com/repos/laravel/horizon/issues/532,closed,[3.0] Fix no failing jobs problem, ,https://api.github.com/repos/laravel/horizon/issues/532/comments,https://github.com/laravel/horizon/pull/532.diff,https://github.com/laravel/horizon/pull/532.patch
https://api.github.com/repos/laravel/horizon/issues/531,closed,[4.0] Suggest predis instead of requiring it, ,https://api.github.com/repos/laravel/horizon/issues/531/comments,https://github.com/laravel/horizon/pull/531.diff,https://github.com/laravel/horizon/pull/531.patch
https://api.github.com/repos/laravel/horizon/issues/530,closed,Failed job not showing,bug,https://api.github.com/repos/laravel/horizon/issues/530/comments, , 
https://api.github.com/repos/laravel/horizon/issues/528,closed,[3.0] orchestra/testbench doesn't need orchestra/database since Laravel 5.6.0, ,https://api.github.com/repos/laravel/horizon/issues/528/comments,https://github.com/laravel/horizon/pull/528.diff,https://github.com/laravel/horizon/pull/528.patch
https://api.github.com/repos/laravel/horizon/issues/529,closed,[3.0] Add matrix to travis to tests against all supported version., ,https://api.github.com/repos/laravel/horizon/issues/529/comments,https://github.com/laravel/horizon/pull/529.diff,https://github.com/laravel/horizon/pull/529.patch
https://api.github.com/repos/laravel/horizon/issues/527,closed,[3.0] Directories public/css and public/js no longer used, ,https://api.github.com/repos/laravel/horizon/issues/527/comments,https://github.com/laravel/horizon/pull/527.diff,https://github.com/laravel/horizon/pull/527.patch
https://api.github.com/repos/laravel/horizon/issues/523,closed,[2.0] Set the Horizon environment via command option, ,https://api.github.com/repos/laravel/horizon/issues/523/comments,https://github.com/laravel/horizon/pull/523.diff,https://github.com/laravel/horizon/pull/523.patch
https://api.github.com/repos/laravel/horizon/issues/522,closed,[3.0] New UI, ,https://api.github.com/repos/laravel/horizon/issues/522/comments,https://github.com/laravel/horizon/pull/522.diff,https://github.com/laravel/horizon/pull/522.patch
https://api.github.com/repos/laravel/horizon/issues/516,closed,Add missing createPayloadArray arg, ,https://api.github.com/repos/laravel/horizon/issues/516/comments,https://github.com/laravel/horizon/pull/516.diff,https://github.com/laravel/horizon/pull/516.patch
https://api.github.com/repos/laravel/horizon/issues/515,closed,[3.0] Fix deprecated process calls, ,https://api.github.com/repos/laravel/horizon/issues/515/comments,https://github.com/laravel/horizon/pull/515.diff,https://github.com/laravel/horizon/pull/515.patch
https://api.github.com/repos/laravel/horizon/issues/511,closed,[2.0] Fix Failed Jobs page showing no results when failed jobs do exist, ,https://api.github.com/repos/laravel/horizon/issues/511/comments,https://github.com/laravel/horizon/pull/511.diff,https://github.com/laravel/horizon/pull/511.patch
https://api.github.com/repos/laravel/horizon/issues/506,closed,[2.0] Prevent horizontal scrolling in Dashboard supervisors section, ,https://api.github.com/repos/laravel/horizon/issues/506/comments,https://github.com/laravel/horizon/pull/506.diff,https://github.com/laravel/horizon/pull/506.patch
https://api.github.com/repos/laravel/horizon/issues/502,closed,[2.0] Fix jobs per minute over estimation, ,https://api.github.com/repos/laravel/horizon/issues/502/comments,https://github.com/laravel/horizon/pull/502.diff,https://github.com/laravel/horizon/pull/502.patch
https://api.github.com/repos/laravel/horizon/issues/494,closed,Updates changelog., ,https://api.github.com/repos/laravel/horizon/issues/494/comments,https://github.com/laravel/horizon/pull/494.diff,https://github.com/laravel/horizon/pull/494.patch
https://api.github.com/repos/laravel/horizon/issues/496,closed,[2.0] Removes unused layout.blade.php file., ,https://api.github.com/repos/laravel/horizon/issues/496/comments,https://github.com/laravel/horizon/pull/496.diff,https://github.com/laravel/horizon/pull/496.patch
https://api.github.com/repos/laravel/horizon/issues/497,closed,[2.0] Remove array helpers, ,https://api.github.com/repos/laravel/horizon/issues/497/comments,https://github.com/laravel/horizon/pull/497.diff,https://github.com/laravel/horizon/pull/497.patch
https://api.github.com/repos/laravel/horizon/issues/498,closed,[2.0] Fixes indentation., ,https://api.github.com/repos/laravel/horizon/issues/498/comments,https://github.com/laravel/horizon/pull/498.diff,https://github.com/laravel/horizon/pull/498.patch
https://api.github.com/repos/laravel/horizon/issues/491,closed,[2.0] Updates axios to v0.18., ,https://api.github.com/repos/laravel/horizon/issues/491/comments,https://github.com/laravel/horizon/pull/491.diff,https://github.com/laravel/horizon/pull/491.patch
https://api.github.com/repos/laravel/horizon/issues/492,closed,[2.0] Flatten assets directory., ,https://api.github.com/repos/laravel/horizon/issues/492/comments,https://github.com/laravel/horizon/pull/492.diff,https://github.com/laravel/horizon/pull/492.patch
https://api.github.com/repos/laravel/horizon/issues/493,closed,[2.0] Updates vue-router to v3.0., ,https://api.github.com/repos/laravel/horizon/issues/493/comments,https://github.com/laravel/horizon/pull/493.diff,https://github.com/laravel/horizon/pull/493.patch
https://api.github.com/repos/laravel/horizon/issues/489,closed,[2.0] Optimize logo, ,https://api.github.com/repos/laravel/horizon/issues/489/comments,https://github.com/laravel/horizon/pull/489.diff,https://github.com/laravel/horizon/pull/489.patch
https://api.github.com/repos/laravel/horizon/issues/487,closed,[2.0] Inject dependencies with handle method in commands, ,https://api.github.com/repos/laravel/horizon/issues/487/comments,https://github.com/laravel/horizon/pull/487.diff,https://github.com/laravel/horizon/pull/487.patch
https://api.github.com/repos/laravel/horizon/issues/488,closed,[2.0] Refactor storing job references, ,https://api.github.com/repos/laravel/horizon/issues/488/comments,https://github.com/laravel/horizon/pull/488.diff,https://github.com/laravel/horizon/pull/488.patch
https://api.github.com/repos/laravel/horizon/issues/484,closed,[2.0] Expire monitored jobs, ,https://api.github.com/repos/laravel/horizon/issues/484/comments,https://github.com/laravel/horizon/pull/484.diff,https://github.com/laravel/horizon/pull/484.patch
https://api.github.com/repos/laravel/horizon/issues/485,closed,[2.0] Display error when posix_kill fails, ,https://api.github.com/repos/laravel/horizon/issues/485/comments,https://github.com/laravel/horizon/pull/485.diff,https://github.com/laravel/horizon/pull/485.patch
https://api.github.com/repos/laravel/horizon/issues/271,closed,"Redis database grew too big, causing general Redis troubles",bug,https://api.github.com/repos/laravel/horizon/issues/271/comments, , 
https://api.github.com/repos/laravel/horizon/issues/481,closed,[2.0] Fix incorrect processes count, ,https://api.github.com/repos/laravel/horizon/issues/481/comments,https://github.com/laravel/horizon/pull/481.diff,https://github.com/laravel/horizon/pull/481.patch
https://api.github.com/repos/laravel/horizon/issues/483,closed,[2.0] Let user choose custom env, ,https://api.github.com/repos/laravel/horizon/issues/483/comments,https://github.com/laravel/horizon/pull/483.diff,https://github.com/laravel/horizon/pull/483.patch
https://api.github.com/repos/laravel/horizon/issues/480,closed,Wrong number of processes in Current Workload card,bug,https://api.github.com/repos/laravel/horizon/issues/480/comments, , 
https://api.github.com/repos/laravel/horizon/issues/477,closed,[2.0] Fix storing floats in Redis, ,https://api.github.com/repos/laravel/horizon/issues/477/comments,https://github.com/laravel/horizon/pull/477.diff,https://github.com/laravel/horizon/pull/477.patch
https://api.github.com/repos/laravel/horizon/issues/371,closed,"Problems with timestamps (NaNs, Invalid date)",bug,https://api.github.com/repos/laravel/horizon/issues/371/comments, , 
https://api.github.com/repos/laravel/horizon/issues/478,closed,[2.0] Fix findFailed method, ,https://api.github.com/repos/laravel/horizon/issues/478/comments,https://github.com/laravel/horizon/pull/478.diff,https://github.com/laravel/horizon/pull/478.patch
https://api.github.com/repos/laravel/horizon/issues/473,closed,formatting, ,https://api.github.com/repos/laravel/horizon/issues/473/comments,https://github.com/laravel/horizon/pull/473.diff,https://github.com/laravel/horizon/pull/473.patch
https://api.github.com/repos/laravel/horizon/issues/467,closed,TypeError: Cannot read property 'toLocaleString' of undefined,bug,https://api.github.com/repos/laravel/horizon/issues/467/comments, , 
https://api.github.com/repos/laravel/horizon/issues/466,closed,[2.0] Use router-link on recent jobs's failed jobs link, ,https://api.github.com/repos/laravel/horizon/issues/466/comments,https://github.com/laravel/horizon/pull/466.diff,https://github.com/laravel/horizon/pull/466.patch
https://api.github.com/repos/laravel/horizon/issues/461,closed,[2.0] Handle configured 'trim' values in dashboard, ,https://api.github.com/repos/laravel/horizon/issues/461/comments,https://github.com/laravel/horizon/pull/461.diff,https://github.com/laravel/horizon/pull/461.patch
https://api.github.com/repos/laravel/horizon/issues/462,closed,[2.0] Format numbers on the stats dashboard for better readability, ,https://api.github.com/repos/laravel/horizon/issues/462/comments,https://github.com/laravel/horizon/pull/462.diff,https://github.com/laravel/horizon/pull/462.patch
https://api.github.com/repos/laravel/horizon/issues/448,closed,fixed invalid doctype declaration, ,https://api.github.com/repos/laravel/horizon/issues/448/comments,https://github.com/laravel/horizon/pull/448.diff,https://github.com/laravel/horizon/pull/448.patch
https://api.github.com/repos/laravel/horizon/issues/445,closed,Fix 7.3 build, ,https://api.github.com/repos/laravel/horizon/issues/445/comments,https://github.com/laravel/horizon/pull/445.diff,https://github.com/laravel/horizon/pull/445.patch
https://api.github.com/repos/laravel/horizon/issues/439,closed,add php 7.3, ,https://api.github.com/repos/laravel/horizon/issues/439/comments,https://github.com/laravel/horizon/pull/439.diff,https://github.com/laravel/horizon/pull/439.patch
https://api.github.com/repos/laravel/horizon/issues/430,closed,[1.0] Replace resolve function calls, ,https://api.github.com/repos/laravel/horizon/issues/430/comments,https://github.com/laravel/horizon/pull/430.diff,https://github.com/laravel/horizon/pull/430.patch
https://api.github.com/repos/laravel/horizon/issues/428,closed,Don't display status icon until stats.status is initialised, ,https://api.github.com/repos/laravel/horizon/issues/428/comments,https://github.com/laravel/horizon/pull/428.diff,https://github.com/laravel/horizon/pull/428.patch
https://api.github.com/repos/laravel/horizon/issues/424,closed,[1.0] isolate tests, ,https://api.github.com/repos/laravel/horizon/issues/424/comments,https://github.com/laravel/horizon/pull/424.diff,https://github.com/laravel/horizon/pull/424.patch
https://api.github.com/repos/laravel/horizon/issues/416,closed,Fix for abandoned Tooltips, ,https://api.github.com/repos/laravel/horizon/issues/416/comments,https://github.com/laravel/horizon/pull/416.diff,https://github.com/laravel/horizon/pull/416.patch
https://api.github.com/repos/laravel/horizon/issues/414,closed,Tooltip not going away after clicking on failed job, ,https://api.github.com/repos/laravel/horizon/issues/414/comments, , 
https://api.github.com/repos/laravel/horizon/issues/410,closed,[1.0] update Bootstrap to stable version, ,https://api.github.com/repos/laravel/horizon/issues/410/comments,https://github.com/laravel/horizon/pull/410.diff,https://github.com/laravel/horizon/pull/410.patch
https://api.github.com/repos/laravel/horizon/issues/409,closed,remove less, ,https://api.github.com/repos/laravel/horizon/issues/409/comments,https://github.com/laravel/horizon/pull/409.diff,https://github.com/laravel/horizon/pull/409.patch
https://api.github.com/repos/laravel/horizon/issues/404,closed,"Revert ""dont wait for workers to terminate""", ,https://api.github.com/repos/laravel/horizon/issues/404/comments,https://github.com/laravel/horizon/pull/404.diff,https://github.com/laravel/horizon/pull/404.patch
https://api.github.com/repos/laravel/horizon/issues/402,closed,dont wait for workers to terminate, ,https://api.github.com/repos/laravel/horizon/issues/402/comments,https://github.com/laravel/horizon/pull/402.diff,https://github.com/laravel/horizon/pull/402.patch
https://api.github.com/repos/laravel/horizon/issues/396,closed,Removes the duplicated semicolon, ,https://api.github.com/repos/laravel/horizon/issues/396/comments,https://github.com/laravel/horizon/pull/396.diff,https://github.com/laravel/horizon/pull/396.patch
https://api.github.com/repos/laravel/horizon/issues/394,closed,add missing period, ,https://api.github.com/repos/laravel/horizon/issues/394/comments,https://github.com/laravel/horizon/pull/394.diff,https://github.com/laravel/horizon/pull/394.patch
https://api.github.com/repos/laravel/horizon/issues/390,closed,use HTTPS links where appropriate, ,https://api.github.com/repos/laravel/horizon/issues/390/comments,https://github.com/laravel/horizon/pull/390.diff,https://github.com/laravel/horizon/pull/390.patch
https://api.github.com/repos/laravel/horizon/issues/387,closed,"Revert ""Support Laravel 5.7.2 - add missing option stop-when-empty""", ,https://api.github.com/repos/laravel/horizon/issues/387/comments,https://github.com/laravel/horizon/pull/387.diff,https://github.com/laravel/horizon/pull/387.patch
https://api.github.com/repos/laravel/horizon/issues/385,closed,Support Laravel 5.7.2 - add missing option stop-when-empty, ,https://api.github.com/repos/laravel/horizon/issues/385/comments,https://github.com/laravel/horizon/pull/385.diff,https://github.com/laravel/horizon/pull/385.patch
https://api.github.com/repos/laravel/horizon/issues/376,closed,"Removed middle alignment from "".card-table td"".", ,https://api.github.com/repos/laravel/horizon/issues/376/comments,https://github.com/laravel/horizon/pull/376.diff,https://github.com/laravel/horizon/pull/376.patch
https://api.github.com/repos/laravel/horizon/issues/372,closed,add tooltip on tags column, ,https://api.github.com/repos/laravel/horizon/issues/372/comments,https://github.com/laravel/horizon/pull/372.diff,https://github.com/laravel/horizon/pull/372.patch
https://api.github.com/repos/laravel/horizon/issues/369,closed,Fix doc block, ,https://api.github.com/repos/laravel/horizon/issues/369/comments,https://github.com/laravel/horizon/pull/369.diff,https://github.com/laravel/horizon/pull/369.patch
https://api.github.com/repos/laravel/horizon/issues/359,closed,Slugify hostname, ,https://api.github.com/repos/laravel/horizon/issues/359/comments,https://github.com/laravel/horizon/pull/359.diff,https://github.com/laravel/horizon/pull/359.patch
https://api.github.com/repos/laravel/horizon/issues/308,closed,float times, ,https://api.github.com/repos/laravel/horizon/issues/308/comments,https://github.com/laravel/horizon/pull/308.diff,https://github.com/laravel/horizon/pull/308.patch
https://api.github.com/repos/laravel/horizon/issues/323,closed,Avoid Server Perf Issues, ,https://api.github.com/repos/laravel/horizon/issues/323/comments,https://github.com/laravel/horizon/pull/323.diff,https://github.com/laravel/horizon/pull/323.patch
https://api.github.com/repos/laravel/horizon/issues/313,closed,enable tooltips, ,https://api.github.com/repos/laravel/horizon/issues/313/comments,https://github.com/laravel/horizon/pull/313.diff,https://github.com/laravel/horizon/pull/313.patch
https://api.github.com/repos/laravel/horizon/issues/312,closed,fix uglify options, ,https://api.github.com/repos/laravel/horizon/issues/312/comments,https://github.com/laravel/horizon/pull/312.diff,https://github.com/laravel/horizon/pull/312.patch
https://api.github.com/repos/laravel/horizon/issues/311,closed,Fix Purge always reporting 1 orphan process issue, ,https://api.github.com/repos/laravel/horizon/issues/311/comments,https://github.com/laravel/horizon/pull/311.diff,https://github.com/laravel/horizon/pull/311.patch
https://api.github.com/repos/laravel/horizon/issues/302,closed,Fixed issue where metrics only showed CallQueuedListener, ,https://api.github.com/repos/laravel/horizon/issues/302/comments,https://github.com/laravel/horizon/pull/302.diff,https://github.com/laravel/horizon/pull/302.patch
https://api.github.com/repos/laravel/horizon/issues/294,closed,block_for should default to null, ,https://api.github.com/repos/laravel/horizon/issues/294/comments,https://github.com/laravel/horizon/pull/294.diff,https://github.com/laravel/horizon/pull/294.patch
https://api.github.com/repos/laravel/horizon/issues/292,closed,Horizon jobs stay on pause after 5.6 upgrade, ,https://api.github.com/repos/laravel/horizon/issues/292/comments, , 
https://api.github.com/repos/laravel/horizon/issues/293,closed,Different approach for termination, ,https://api.github.com/repos/laravel/horizon/issues/293/comments,https://github.com/laravel/horizon/pull/293.diff,https://github.com/laravel/horizon/pull/293.patch
https://api.github.com/repos/laravel/horizon/issues/278,closed,[5.6] Support block_for config option, ,https://api.github.com/repos/laravel/horizon/issues/278/comments,https://github.com/laravel/horizon/pull/278.diff,https://github.com/laravel/horizon/pull/278.patch
https://api.github.com/repos/laravel/horizon/issues/272,closed,Change usages of `resolve` to `app`, ,https://api.github.com/repos/laravel/horizon/issues/272/comments,https://github.com/laravel/horizon/pull/272.diff,https://github.com/laravel/horizon/pull/272.patch
https://api.github.com/repos/laravel/horizon/issues/269,closed,separate queue notification details from where queueing on, ,https://api.github.com/repos/laravel/horizon/issues/269/comments,https://github.com/laravel/horizon/pull/269.diff,https://github.com/laravel/horizon/pull/269.patch
https://api.github.com/repos/laravel/horizon/issues/261,closed,Fix undefined tags error, ,https://api.github.com/repos/laravel/horizon/issues/261/comments,https://github.com/laravel/horizon/pull/261.diff,https://github.com/laravel/horizon/pull/261.patch
https://api.github.com/repos/laravel/horizon/issues/252,closed,Use custom Chart.js options, ,https://api.github.com/repos/laravel/horizon/issues/252/comments,https://github.com/laravel/horizon/pull/252.diff,https://github.com/laravel/horizon/pull/252.patch
https://api.github.com/repos/laravel/horizon/issues/249,closed,Test against PHP 7.2, ,https://api.github.com/repos/laravel/horizon/issues/249/comments,https://github.com/laravel/horizon/pull/249.diff,https://github.com/laravel/horizon/pull/249.patch
https://api.github.com/repos/laravel/horizon/issues/240,closed,Allow Spaces in Queue Names, ,https://api.github.com/repos/laravel/horizon/issues/240/comments,https://github.com/laravel/horizon/pull/240.diff,https://github.com/laravel/horizon/pull/240.patch
https://api.github.com/repos/laravel/horizon/issues/233,closed,Added name to catch-all route, ,https://api.github.com/repos/laravel/horizon/issues/233/comments,https://github.com/laravel/horizon/pull/233.diff,https://github.com/laravel/horizon/pull/233.patch
https://api.github.com/repos/laravel/horizon/issues/234,closed,[1.0] Add missing project badges, ,https://api.github.com/repos/laravel/horizon/issues/234/comments,https://github.com/laravel/horizon/pull/234.diff,https://github.com/laravel/horizon/pull/234.patch
https://api.github.com/repos/laravel/horizon/issues/221,closed,Throw an exception in case of invalid Redis connection, ,https://api.github.com/repos/laravel/horizon/issues/221/comments,https://github.com/laravel/horizon/pull/221.diff,https://github.com/laravel/horizon/pull/221.patch
https://api.github.com/repos/laravel/horizon/issues/220,closed,fix path to favicon, ,https://api.github.com/repos/laravel/horizon/issues/220/comments,https://github.com/laravel/horizon/pull/220.diff,https://github.com/laravel/horizon/pull/220.patch
https://api.github.com/repos/laravel/horizon/issues/219,closed,use a fluid container, ,https://api.github.com/repos/laravel/horizon/issues/219/comments,https://github.com/laravel/horizon/pull/219.diff,https://github.com/laravel/horizon/pull/219.patch
https://api.github.com/repos/laravel/horizon/issues/218,closed,[1.0] Updated mockery/mockery dependency, ,https://api.github.com/repos/laravel/horizon/issues/218/comments,https://github.com/laravel/horizon/pull/218.diff,https://github.com/laravel/horizon/pull/218.patch
https://api.github.com/repos/laravel/horizon/issues/210,closed,Switch to using Bootstrap4, ,https://api.github.com/repos/laravel/horizon/issues/210/comments,https://github.com/laravel/horizon/pull/210.diff,https://github.com/laravel/horizon/pull/210.patch
https://api.github.com/repos/laravel/horizon/issues/202,closed,use readableTimestamp method, ,https://api.github.com/repos/laravel/horizon/issues/202/comments,https://github.com/laravel/horizon/pull/202.diff,https://github.com/laravel/horizon/pull/202.patch
https://api.github.com/repos/laravel/horizon/issues/201,closed,(phpdoc) Fixed minor typo, ,https://api.github.com/repos/laravel/horizon/issues/201/comments,https://github.com/laravel/horizon/pull/201.diff,https://github.com/laravel/horizon/pull/201.patch
https://api.github.com/repos/laravel/horizon/issues/197,closed,Repair assumption about default key prefix length, ,https://api.github.com/repos/laravel/horizon/issues/197/comments,https://github.com/laravel/horizon/pull/197.diff,https://github.com/laravel/horizon/pull/197.patch
https://api.github.com/repos/laravel/horizon/issues/185,closed,fix import jquery, ,https://api.github.com/repos/laravel/horizon/issues/185/comments,https://github.com/laravel/horizon/pull/185.diff,https://github.com/laravel/horizon/pull/185.patch
https://api.github.com/repos/laravel/horizon/issues/173,closed,adding named routes, ,https://api.github.com/repos/laravel/horizon/issues/173/comments,https://github.com/laravel/horizon/pull/173.diff,https://github.com/laravel/horizon/pull/173.patch
https://api.github.com/repos/laravel/horizon/issues/172,closed,add favicon to dashboard, ,https://api.github.com/repos/laravel/horizon/issues/172/comments,https://github.com/laravel/horizon/pull/172.diff,https://github.com/laravel/horizon/pull/172.patch
https://api.github.com/repos/laravel/horizon/issues/169,closed,Use ::class syntax in EventMap, ,https://api.github.com/repos/laravel/horizon/issues/169/comments,https://github.com/laravel/horizon/pull/169.diff,https://github.com/laravel/horizon/pull/169.patch
https://api.github.com/repos/laravel/horizon/issues/166,closed,Compile assets (for recent changes), ,https://api.github.com/repos/laravel/horizon/issues/166/comments,https://github.com/laravel/horizon/pull/166.diff,https://github.com/laravel/horizon/pull/166.patch
https://api.github.com/repos/laravel/horizon/issues/165,closed,Remove trailing slashes on Ajax calls in Vuejs, ,https://api.github.com/repos/laravel/horizon/issues/165/comments,https://github.com/laravel/horizon/pull/165.diff,https://github.com/laravel/horizon/pull/165.patch
https://api.github.com/repos/laravel/horizon/issues/149,closed,Make the snapshot command available outside console, ,https://api.github.com/repos/laravel/horizon/issues/149/comments,https://github.com/laravel/horizon/pull/149.diff,https://github.com/laravel/horizon/pull/149.patch
https://api.github.com/repos/laravel/horizon/issues/147,closed,fix zrange returns score as float in PHPRedis, ,https://api.github.com/repos/laravel/horizon/issues/147/comments,https://github.com/laravel/horizon/pull/147.diff,https://github.com/laravel/horizon/pull/147.patch
https://api.github.com/repos/laravel/horizon/issues/144,closed,panel-content overflow-x from scroll to auto, ,https://api.github.com/repos/laravel/horizon/issues/144/comments,https://github.com/laravel/horizon/pull/144.diff,https://github.com/laravel/horizon/pull/144.patch
https://api.github.com/repos/laravel/horizon/issues/130,closed,More fixes for decimal separator, ,https://api.github.com/repos/laravel/horizon/issues/130/comments,https://github.com/laravel/horizon/pull/130.diff,https://github.com/laravel/horizon/pull/130.patch
https://api.github.com/repos/laravel/horizon/issues/129,closed,Allow the slack channel to be specified, ,https://api.github.com/repos/laravel/horizon/issues/129/comments,https://github.com/laravel/horizon/pull/129.diff,https://github.com/laravel/horizon/pull/129.patch
https://api.github.com/repos/laravel/horizon/issues/123,closed,fix with microtime in different locales, ,https://api.github.com/repos/laravel/horizon/issues/123/comments,https://github.com/laravel/horizon/pull/123.diff,https://github.com/laravel/horizon/pull/123.patch
https://api.github.com/repos/laravel/horizon/issues/107,closed,Require POSIX extension, ,https://api.github.com/repos/laravel/horizon/issues/107/comments,https://github.com/laravel/horizon/pull/107.diff,https://github.com/laravel/horizon/pull/107.patch
https://api.github.com/repos/laravel/horizon/issues/106,closed,Fix minor typo in ContinueCommand, ,https://api.github.com/repos/laravel/horizon/issues/106/comments,https://github.com/laravel/horizon/pull/106.diff,https://github.com/laravel/horizon/pull/106.patch
https://api.github.com/repos/laravel/horizon/issues/102,closed,Remove unnecessary padding from bottom of page, ,https://api.github.com/repos/laravel/horizon/issues/102/comments,https://github.com/laravel/horizon/pull/102.diff,https://github.com/laravel/horizon/pull/102.patch
https://api.github.com/repos/laravel/horizon/issues/96,closed,Adding alias to package discover, ,https://api.github.com/repos/laravel/horizon/issues/96/comments,https://github.com/laravel/horizon/pull/96.diff,https://github.com/laravel/horizon/pull/96.patch
https://api.github.com/repos/laravel/horizon/issues/95,closed,Overflow tables., ,https://api.github.com/repos/laravel/horizon/issues/95/comments,https://github.com/laravel/horizon/pull/95.diff,https://github.com/laravel/horizon/pull/95.patch
https://api.github.com/repos/laravel/horizon/issues/94,closed,Made view param optional, ,https://api.github.com/repos/laravel/horizon/issues/94/comments,https://github.com/laravel/horizon/pull/94.diff,https://github.com/laravel/horizon/pull/94.patch
https://api.github.com/repos/laravel/horizon/issues/89,closed,Fix issue with Workload widget when balancing is OFF, ,https://api.github.com/repos/laravel/horizon/issues/89/comments,https://github.com/laravel/horizon/pull/89.diff,https://github.com/laravel/horizon/pull/89.patch
https://api.github.com/repos/laravel/horizon/issues/87,closed,Empty message if loading finished, ,https://api.github.com/repos/laravel/horizon/issues/87/comments,https://github.com/laravel/horizon/pull/87.diff,https://github.com/laravel/horizon/pull/87.patch
https://api.github.com/repos/laravel/horizon/issues/86,closed,Fix default current working directory when creating a Symfony Process object, ,https://api.github.com/repos/laravel/horizon/issues/86/comments,https://github.com/laravel/horizon/pull/86.diff,https://github.com/laravel/horizon/pull/86.patch
https://api.github.com/repos/laravel/horizon/issues/80,closed,Vendor Publish only Laravel Horizon, ,https://api.github.com/repos/laravel/horizon/issues/80/comments,https://github.com/laravel/horizon/pull/80.diff,https://github.com/laravel/horizon/pull/80.patch
https://api.github.com/repos/laravel/horizon/issues/79,closed,Group api prefix, ,https://api.github.com/repos/laravel/horizon/issues/79/comments,https://github.com/laravel/horizon/pull/79.diff,https://github.com/laravel/horizon/pull/79.patch
https://api.github.com/repos/laravel/horizon/issues/70,closed,Rename resources/assets/js/pages/Monitoring/index.vue to .../Index.vue, ,https://api.github.com/repos/laravel/horizon/issues/70/comments,https://github.com/laravel/horizon/pull/70.diff,https://github.com/laravel/horizon/pull/70.patch
https://api.github.com/repos/laravel/horizon/issues/68,closed,Use web middleware, ,https://api.github.com/repos/laravel/horizon/issues/68/comments,https://github.com/laravel/horizon/pull/68.diff,https://github.com/laravel/horizon/pull/68.patch
https://api.github.com/repos/laravel/horizon/issues/62,closed,Only show the pagination when there are recent jobs, ,https://api.github.com/repos/laravel/horizon/issues/62/comments,https://github.com/laravel/horizon/pull/62.diff,https://github.com/laravel/horizon/pull/62.patch
https://api.github.com/repos/laravel/horizon/issues/1,closed,Add support for phpredis, ,https://api.github.com/repos/laravel/horizon/issues/1/comments,https://github.com/laravel/horizon/pull/1.diff,https://github.com/laravel/horizon/pull/1.patch
https://api.github.com/repos/laravel/horizon/issues/61,closed,Wrap several commands in a single pipe, ,https://api.github.com/repos/laravel/horizon/issues/61/comments,https://github.com/laravel/horizon/pull/61.diff,https://github.com/laravel/horizon/pull/61.patch
https://api.github.com/repos/laravel/horizon/issues/60,closed,Avoid using redis keys() method, ,https://api.github.com/repos/laravel/horizon/issues/60/comments,https://github.com/laravel/horizon/pull/60.diff,https://github.com/laravel/horizon/pull/60.patch
https://api.github.com/repos/laravel/horizon/issues/59,closed,Add missing spaces in Vue component methods, ,https://api.github.com/repos/laravel/horizon/issues/59/comments,https://github.com/laravel/horizon/pull/59.diff,https://github.com/laravel/horizon/pull/59.patch
https://api.github.com/repos/laravel/horizon/issues/52,closed,Single database setup, ,https://api.github.com/repos/laravel/horizon/issues/52/comments,https://github.com/laravel/horizon/pull/52.diff,https://github.com/laravel/horizon/pull/52.patch
https://api.github.com/repos/laravel/horizon/issues/58,closed,Fix issue with maximum processes, ,https://api.github.com/repos/laravel/horizon/issues/58/comments,https://github.com/laravel/horizon/pull/58.diff,https://github.com/laravel/horizon/pull/58.patch
https://api.github.com/repos/laravel/horizon/issues/54,closed,PSR4: Extract unit tests fixtures, ,https://api.github.com/repos/laravel/horizon/issues/54/comments,https://github.com/laravel/horizon/pull/54.diff,https://github.com/laravel/horizon/pull/54.patch
https://api.github.com/repos/laravel/horizon/issues/57,closed,Fix some tests, ,https://api.github.com/repos/laravel/horizon/issues/57/comments,https://github.com/laravel/horizon/pull/57.diff,https://github.com/laravel/horizon/pull/57.patch
https://api.github.com/repos/laravel/horizon/issues/55,closed,Use proper param spacing, ,https://api.github.com/repos/laravel/horizon/issues/55/comments,https://github.com/laravel/horizon/pull/55.diff,https://github.com/laravel/horizon/pull/55.patch
https://api.github.com/repos/laravel/horizon/issues/51,closed,Fix docblocks., ,https://api.github.com/repos/laravel/horizon/issues/51/comments,https://github.com/laravel/horizon/pull/51.diff,https://github.com/laravel/horizon/pull/51.patch
https://api.github.com/repos/laravel/horizon/issues/49,closed,Enable StyleCI, ,https://api.github.com/repos/laravel/horizon/issues/49/comments,https://github.com/laravel/horizon/pull/49.diff,https://github.com/laravel/horizon/pull/49.patch
https://api.github.com/repos/laravel/horizon/issues/19,closed,Respect Laravel style, ,https://api.github.com/repos/laravel/horizon/issues/19/comments,https://github.com/laravel/horizon/pull/19.diff,https://github.com/laravel/horizon/pull/19.patch
https://api.github.com/repos/laravel/horizon/issues/30,closed,PSR-4 : extract fixtures, ,https://api.github.com/repos/laravel/horizon/issues/30/comments,https://github.com/laravel/horizon/pull/30.diff,https://github.com/laravel/horizon/pull/30.patch
https://api.github.com/repos/laravel/horizon/issues/31,closed,Prefer non-deprecated CreatesApplication, ,https://api.github.com/repos/laravel/horizon/issues/31/comments,https://github.com/laravel/horizon/pull/31.diff,https://github.com/laravel/horizon/pull/31.patch
https://api.github.com/repos/laravel/horizon/issues/34,closed,Provide an editorconfig file, ,https://api.github.com/repos/laravel/horizon/issues/34/comments,https://github.com/laravel/horizon/pull/34.diff,https://github.com/laravel/horizon/pull/34.patch
https://api.github.com/repos/laravel/horizon/issues/35,closed,Sort packages, ,https://api.github.com/repos/laravel/horizon/issues/35/comments,https://github.com/laravel/horizon/pull/35.diff,https://github.com/laravel/horizon/pull/35.patch
https://api.github.com/repos/laravel/horizon/issues/40,closed,Use stricter comparisons, ,https://api.github.com/repos/laravel/horizon/issues/40/comments,https://github.com/laravel/horizon/pull/40.diff,https://github.com/laravel/horizon/pull/40.patch
https://api.github.com/repos/laravel/horizon/issues/41,closed,Register resolving method in register instead of boot, ,https://api.github.com/repos/laravel/horizon/issues/41/comments,https://github.com/laravel/horizon/pull/41.diff,https://github.com/laravel/horizon/pull/41.patch
https://api.github.com/repos/laravel/horizon/issues/42,closed,Use Proper assertions, ,https://api.github.com/repos/laravel/horizon/issues/42/comments,https://github.com/laravel/horizon/pull/42.diff,https://github.com/laravel/horizon/pull/42.patch
https://api.github.com/repos/laravel/horizon/issues/39,closed,Fix beforeDestroy, ,https://api.github.com/repos/laravel/horizon/issues/39/comments,https://github.com/laravel/horizon/pull/39.diff,https://github.com/laravel/horizon/pull/39.patch
https://api.github.com/repos/laravel/horizon/issues/36,closed,Ensure NPM packages are up-to-date, ,https://api.github.com/repos/laravel/horizon/issues/36/comments,https://github.com/laravel/horizon/pull/36.diff,https://github.com/laravel/horizon/pull/36.patch
https://api.github.com/repos/laravel/horizon/issues/17,closed,Update deprecated composer.lock version, ,https://api.github.com/repos/laravel/horizon/issues/17/comments,https://github.com/laravel/horizon/pull/17.diff,https://github.com/laravel/horizon/pull/17.patch
https://api.github.com/repos/laravel/horizon/issues/29,closed,Use proper assertions., ,https://api.github.com/repos/laravel/horizon/issues/29/comments,https://github.com/laravel/horizon/pull/29.diff,https://github.com/laravel/horizon/pull/29.patch
https://api.github.com/repos/laravel/horizon/issues/28,closed,update phpdoc, ,https://api.github.com/repos/laravel/horizon/issues/28/comments,https://github.com/laravel/horizon/pull/28.diff,https://github.com/laravel/horizon/pull/28.patch
https://api.github.com/repos/laravel/horizon/issues/21,closed,Fixes phpdocs, ,https://api.github.com/repos/laravel/horizon/issues/21/comments,https://github.com/laravel/horizon/pull/21.diff,https://github.com/laravel/horizon/pull/21.patch
https://api.github.com/repos/laravel/horizon/issues/16,closed,Fixes phpdocs, ,https://api.github.com/repos/laravel/horizon/issues/16/comments,https://github.com/laravel/horizon/pull/16.diff,https://github.com/laravel/horizon/pull/16.patch
https://api.github.com/repos/laravel/horizon/issues/13,closed,Compress the logo, ,https://api.github.com/repos/laravel/horizon/issues/13/comments,https://github.com/laravel/horizon/pull/13.diff,https://github.com/laravel/horizon/pull/13.patch
https://api.github.com/repos/laravel/horizon/issues/9,closed,Add ext-pcntl to composer, ,https://api.github.com/repos/laravel/horizon/issues/9/comments,https://github.com/laravel/horizon/pull/9.diff,https://github.com/laravel/horizon/pull/9.patch
https://api.github.com/repos/laravel/horizon/issues/2,closed,Rename phpunit.xml to phpunit.xml.dist, ,https://api.github.com/repos/laravel/horizon/issues/2/comments,https://github.com/laravel/horizon/pull/2.diff,https://github.com/laravel/horizon/pull/2.patch
https://api.github.com/repos/laravel/horizon/issues/3,closed,Rename readme.md to README.md, ,https://api.github.com/repos/laravel/horizon/issues/3/comments,https://github.com/laravel/horizon/pull/3.diff,https://github.com/laravel/horizon/pull/3.patch
https://api.github.com/repos/laravel/horizon/issues/4,closed,Create .gitattributes, ,https://api.github.com/repos/laravel/horizon/issues/4/comments,https://github.com/laravel/horizon/pull/4.diff,https://github.com/laravel/horizon/pull/4.patch
